L=0.5;
R=1;
Ke=0.022;
Kf=0.0002024;
J=0.0100;
